3560	3611	3527	3579	3486	3394	3456	3505	2047	4095	4095	4095	3705	3728	4095	4095
3560	3610	3527	3578	3486	3394	3456	3504	2047	4095	4095	4095	3703	3727	4095	4095
3561	3611	3528	3580	3486	3394	3456	3505	2047	4095	4095	4095	3704	3728	4095	4095
3560	3610	3527	3578	3486	3395	3457	3505	2047	4095	4095	4095	3704	3728	4095	4095
3561	3611	3528	3580	3486	3394	3456	3505	2047	4095	4095	4095	3704	3728	4095	4095
3560	3611	3527	3580	3487	3395	3457	3506	2047	4095	4095	4095	3705	3729	4095	4095
3560	3611	3527	3579	3486	3394	3456	3505	2047	4095	4095	4095	3705	3729	4095	4095
3561	3612	3528	3580	3487	3394	3457	3505	2047	4095	4095	4095	3704	3728	4095	4095
3560	3611	3528	3579	3487	3395	3457	3505	2047	4095	4095	4095	3704	3728	4095	4095
3560	3612	3528	3580	3486	3394	3457	3505	2047	4095	4095	4095	3705	3729	4095	4095
3560	3611	3527	3579	3486	3395	3457	3505	2047	4095	4095	4095	3704	3729	4095	4095
3561	3612	3528	3580	3486	3396	3458	3506	2047	4095	4095	4095	3705	3729	4095	4095
3561	3612	3528	3580	3486	3394	3456	3505	2047	4095	4095	4095	3705	3729	4095	4095
3561	3611	3528	3580	3486	3395	3457	3505	2047	4095	4095	4095	3704	3728	4095	4095
3561	3612	3528	3580	3487	3395	3457	3505	2047	4095	4095	4095	3705	3729	4095	4095
3561	3612	3528	3580	3486	3395	3457	3505	2047	4095	4095	4095	3705	3729	4095	4095
3560	3612	3528	3579	3486	3395	3457	3505	2047	4095	4095	4095	3704	3728	4095	4095
3561	3612	3528	3580	3486	3394	3456	3505	2047	4095	4095	4095	3704	3729	4095	4095
3561	3612	3528	3580	3486	3394	3456	3505	2047	4095	4095	4095	3705	3729	4095	4095
3561	3611	3528	3579	3486	3394	3457	3505	2047	4095	4095	4095	3704	3728	4095	4095
3560	3611	3527	3579	3487	3395	3457	3505	2047	4095	4095	4095	3704	3728	4095	4095
3561	3612	3528	3580	3487	3395	3457	3505	2047	4095	4095	4095	3705	3729	4095	4095
3560	3612	3527	3580	3487	3395	3457	3505	2047	4095	4095	4095	3705	3729	4095	4095
3561	3612	3528	3580	3487	3395	3457	3506	2047	4095	4095	4095	3704	3728	4095	4095
3562	3612	3529	3580	3487	3395	3457	3505	2047	4095	4095	4095	3705	3729	4095	4095
3560	3612	3528	3580	3487	3394	3456	3505	2047	4095	4095	4095	3704	3728	4095	4095
3561	3612	3528	3580	3487	3395	3457	3506	2047	4095	4095	4095	3705	3729	4095	4095
3561	3612	3528	3580	3486	3394	3456	3505	2047	4095	4095	4095	3705	3730	4095	4095
3561	3612	3528	3579	3486	3394	3456	3504	2047	4095	4095	4095	3705	3729	4095	4095
3560	3611	3528	3580	3486	3394	3456	3505	2047	4095	4095	4095	3704	3729	4095	4095
3560	3612	3528	3580	3486	3394	3456	3505	2047	4095	4095	4095	3705	3729	4095	4095
3560	3611	3527	3579	3486	3394	3456	3505	2047	4095	4095	4095	3705	3729	4095	4095
3562	3613	3529	3580	3487	3395	3457	3506	2047	4095	4095	4095	3705	3729	4095	4095
3561	3612	3528	3580	3487	3395	3457	3506	2047	4095	4095	4095	3705	3729	4095	4095
3561	3612	3528	3580	3487	3395	3457	3506	2047	4095	4095	4095	3705	3729	4095	4095
3560	3611	3528	3580	3486	3395	3457	3505	2047	4095	4095	4095	3705	3729	4095	4095
3561	3612	3528	3580	3486	3395	3457	3505	2047	4095	4095	4095	3705	3729	4095	4095
3561	3612	3528	3580	3486	3394	3456	3505	2047	4095	4095	4095	3705	3728	4095	4095
3560	3611	3528	3579	3486	3395	3457	3506	2047	4095	4095	4095	3705	3729	4095	4095
3560	3611	3527	3579	3487	3395	3457	3506	2047	4095	4095	4095	3704	3728	4095	4095
3560	3611	3527	3579	3486	3394	3456	3504	2047	4095	4095	4095	3704	3729	4095	4095
3561	3612	3528	3580	3487	3395	3458	3506	2047	4095	4095	4095	3705	3729	4095	4095
3561	3612	3528	3580	3487	3395	3457	3506	2047	4095	4095	4095	3706	3730	4095	4095
3560	3611	3527	3579	3486	3394	3457	3505	2047	4095	4095	4095	3704	3728	4095	4095
3561	3612	3528	3580	3486	3395	3457	3505	2047	4095	4095	4095	3705	3729	4095	4095
3560	3612	3528	3580	3486	3394	3456	3505	2047	4095	4095	4095	3706	3729	4095	4095
3560	3611	3527	3579	3486	3394	3456	3505	2047	4095	4095	4095	3704	3728	4095	4095
3561	3612	3528	3580	3486	3394	3456	3505	2047	4095	4095	4095	3705	3729	4095	4095
3560	3611	3528	3580	3486	3395	3457	3505	2047	4095	4095	4095	3705	3729	4095	4095
3560	3611	3527	3579	3486	3394	3456	3504	2047	4095	4095	4095	3704	3728	4095	4095
3561	3612	3528	3580	3486	3394	3457	3505	2047	4095	4095	4095	3706	3730	4095	4095
3560	3611	3527	3579	3486	3394	3456	3505	2047	4095	4095	4095	3704	3728	4095	4095
3561	3612	3528	3580	3486	3394	3456	3505	2047	4095	4095	4095	3705	3729	4095	4095
3561	3612	3528	3580	3487	3395	3457	3505	2047	4095	4095	4095	3705	3729	4095	4095
3561	3612	3528	3580	3486	3395	3457	3505	2047	4095	4095	4095	3705	3730	4095	4095
3561	3612	3529	3580	3486	3394	3456	3505	2047	4095	4095	4095	3705	3729	4095	4095
3561	3611	3528	3580	3487	3395	3457	3506	2047	4095	4095	4095	3704	3729	4095	4095
3562	3612	3528	3581	3486	3395	3457	3505	2047	4095	4095	4095	3705	3729	4095	4095
3561	3612	3528	3580	3487	3395	3457	3506	2047	4095	4095	4095	3705	3729	4095	4095
3561	3612	3528	3580	3487	3395	3457	3505	2047	4095	4095	4095	3704	3728	4095	4095
3560	3611	3527	3579	3486	3394	3457	3505	2047	4095	4095	4095	3705	3728	4095	4095
3561	3612	3529	3580	3486	3394	3456	3505	2047	4095	4095	4095	3706	3729	4095	4095
3560	3612	3528	3579	3486	3394	3456	3505	2047	4095	4095	4095	3704	3729	4095	4095
3560	3612	3527	3579	3487	3395	3457	3505	2047	4095	4095	4095	3705	3729	4095	4095
3560	3612	3528	3579	3487	3395	3457	3506	2047	4095	4095	4095	3705	3729	4095	4095
3560	3612	3529	3580	3487	3396	3458	3506	2047	4095	4095	4095	3706	3729	4095	4095
3561	3612	3528	3579	3486	3394	3456	3505	2047	4095	4095	4095	3705	3729	4095	4095
3560	3611	3527	3579	3486	3394	3457	3505	2047	4095	4095	4095	3705	3729	4095	4095
3561	3612	3528	3580	3487	3395	3457	3506	2047	4095	4095	4095	3706	3729	4095	4095
3561	3612	3528	3580	3487	3395	3457	3506	2047	4095	4095	4095	3706	3730	4095	4095
3561	3611	3528	3579	3486	3394	3456	3505	2047	4095	4095	4095	3705	3728	4095	4095
3561	3612	3529	3580	3486	3394	3456	3504	2047	4095	4095	4095	3705	3729	4095	4095
3561	3612	3528	3580	3486	3395	3458	3506	2047	4095	4095	4095	3705	3729	4095	4095
3560	3611	3528	3580	3487	3394	3457	3505	2047	4095	4095	4095	3704	3728	4095	4095
3560	3611	3528	3579	3486	3394	3456	3505	2047	4095	4095	4095	3705	3729	4095	4095
3561	3612	3528	3580	3486	3395	3457	3505	2047	4095	4095	4095	3705	3729	4095	4095
3562	3612	3528	3580	3486	3394	3456	3505	2047	4095	4095	4095	3705	3729	4095	4095
3560	3611	3528	3579	3486	3395	3457	3505	2047	4095	4095	4095	3705	3729	4095	4095
3562	3612	3529	3580	3487	3395	3456	3505	2047	4095	4095	4095	3705	3730	4095	4095
3560	3611	3526	3579	3486	3394	3456	3505	2047	4095	4095	4095	3704	3728	4095	4095
3560	3611	3528	3580	3486	3395	3457	3506	2047	4095	4095	4095	3705	3729	4095	4095
3560	3611	3528	3580	3487	3394	3457	3505	2047	4095	4095	4095	3704	3728	4095	4095
3561	3612	3528	3580	3486	3394	3456	3505	2047	4095	4095	4095	3705	3729	4095	4095
3560	3612	3528	3580	3486	3395	3456	3505	2047	4095	4095	4095	3706	3730	4095	4095
3561	3611	3527	3580	3486	3394	3456	3505	2047	4095	4095	4095	3705	3729	4095	4095
3560	3611	3528	3579	3486	3394	3457	3505	2047	4095	4095	4095	3705	3729	4095	4095
3561	3612	3529	3580	3486	3395	3457	3505	2047	4095	4095	4095	3705	3730	4095	4095
3560	3612	3528	3580	3487	3395	3458	3506	2047	4095	4095	4095	3705	3729	4095	4095
3561	3611	3527	3580	3486	3394	3457	3506	2047	4095	4095	4095	3705	3729	4095	4095
3560	3611	3527	3579	3486	3394	3456	3505	2047	4095	4095	4095	3704	3728	4095	4095
3561	3612	3528	3580	3487	3395	3457	3506	2047	4095	4095	4095	3706	3730	4095	4095
3560	3611	3527	3579	3487	3394	3456	3505	2047	4095	4095	4095	3705	3729	4095	4095
3560	3611	3528	3580	3487	3395	3457	3506	2047	4095	4095	4095	3705	3729	4095	4095
3561	3612	3528	3579	3486	3394	3457	3505	2047	4095	4095	4095	3706	3730	4095	4095
3560	3612	3528	3580	3486	3395	3457	3505	2047	4095	4095	4095	3706	3729	4095	4095
3560	3612	3528	3579	3486	3395	3456	3505	2047	4095	4095	4095	3706	3729	4095	4095
3560	3612	3528	3579	3486	3394	3456	3505	2047	4095	4095	4095	3705	3729	4095	4095
3560	3611	3528	3579	3486	3394	3456	3505	2047	4095	4095	4095	3705	3729	4095	4095
3560	3611	3528	3580	3486	3394	3456	3504	2047	4095	4095	4095	3705	3729	4095	4095
3560	3611	3526	3579	3486	3394	3457	3505	2047	4095	4095	4095	3704	3729	4095	4095
3561	3611	3527	3579	3486	3394	3456	3505	2047	4095	4095	4095	3705	3729	4095	4095
3561	3612	3528	3580	3486	3395	3457	3505	2047	4095	4095	4095	3706	3730	4095	4095
3560	3612	3528	3580	3486	3395	3457	3505	2047	4095	4095	4095	3705	3729	4095	4095
3560	3611	3527	3579	3486	3394	3456	3505	2047	4095	4095	4095	3706	3730	4095	4095
3561	3611	3528	3579	3486	3395	3458	3505	2047	4095	4095	4095	3705	3729	4095	4095
3560	3611	3527	3579	3487	3395	3457	3505	2047	4095	4095	4095	3705	3728	4095	4095
3560	3611	3527	3579	3486	3394	3457	3505	2047	4095	4095	4095	3704	3728	4095	4095
3561	3612	3528	3580	3487	3394	3456	3505	2047	4095	4095	4095	3706	3729	4095	4095
3561	3612	3528	3579	3487	3395	3457	3505	2047	4095	4095	4095	3706	3729	4095	4095
3561	3612	3528	3580	3486	3394	3456	3504	2047	4095	4095	4095	3706	3729	4095	4095
3560	3612	3528	3580	3487	3394	3457	3506	2047	4095	4095	4095	3705	3729	4095	4095
3560	3611	3527	3579	3486	3394	3457	3505	2047	4095	4095	4095	3705	3729	4095	4095
3561	3611	3528	3579	3486	3394	3456	3505	2047	4095	4095	4095	3706	3730	4095	4095
3560	3611	3527	3579	3486	3394	3457	3505	2047	4095	4095	4095	3705	3729	4095	4095
3561	3612	3529	3581	3487	3395	3457	3506	2047	4095	4095	4095	3705	3729	4095	4095
3560	3610	3527	3578	3486	3394	3456	3505	2047	4095	4095	4095	3704	3728	4095	4095
3561	3612	3529	3581	3486	3394	3457	3505	2047	4095	4095	4095	3705	3730	4095	4095
3561	3612	3528	3580	3486	3394	3457	3505	2047	4095	4095	4095	3706	3729	4095	4095
3560	3611	3528	3579	3486	3395	3457	3506	2047	4095	4095	4095	3705	3729	4095	4095
3561	3612	3529	3580	3486	3394	3456	3505	2047	4095	4095	4095	3705	3729	4095	4095
3560	3611	3528	3579	3486	3394	3456	3505	2047	4095	4095	4095	3705	3729	4095	4095
3561	3612	3528	3580	3486	3394	3457	3505	2047	4095	4095	4095	3706	3729	4095	4095
3561	3612	3528	3580	3487	3394	3456	3505	2047	4095	4095	4095	3706	3730	4095	4095
3561	3612	3528	3580	3486	3394	3456	3505	2047	4095	4095	4095	3706	3730	4095	4095
3560	3611	3527	3579	3486	3394	3456	3505	2047	4095	4095	4095	3705	3729	4095	4095
3561	3611	3528	3579	3486	3394	3456	3505	2047	4095	4095	4095	3705	3729	4095	4095
3561	3611	3528	3579	3486	3394	3456	3505	2047	4095	4095	4095	3706	3729	4095	4095
3561	3611	3527	3579	3486	3394	3456	3505	2047	4095	4095	4095	3706	3729	4095	4095
3561	3611	3528	3579	3486	3394	3456	3505	2047	4095	4095	4095	3706	3730	4095	4095
3561	3612	3528	3580	3487	3394	3456	3505	2047	4095	4095	4095	3706	3729	4095	4095
3560	3611	3527	3579	3485	3394	3456	3504	2047	4095	4095	4095	3705	3729	4095	4095
3561	3611	3527	3579	3486	3395	3456	3505	2047	4095	4095	4095	3705	3729	4095	4095
3561	3612	3529	3581	3486	3394	3456	3505	2047	4095	4095	4095	3705	3729	4095	4095
3561	3612	3528	3580	3486	3394	3456	3505	2047	4095	4095	4095	3706	3729	4095	4095
3562	3612	3529	3580	3487	3395	3457	3506	2047	4095	4095	4095	3706	3730	4095	4095
3561	3612	3528	3579	3486	3394	3457	3505	2047	4095	4095	4095	3706	3730	4095	4095
3560	3611	3527	3579	3487	3395	3458	3505	2047	4095	4095	4095	3705	3729	4095	4095
3560	3611	3527	3580	3487	3395	3457	3505	2047	4095	4095	4095	3706	3730	4095	4095
3561	3612	3529	3580	3487	3395	3457	3505	2047	4095	4095	4095	3705	3730	4095	4095
3560	3611	3527	3579	3485	3394	3456	3505	2047	4095	4095	4095	3706	3729	4095	4095
3561	3612	3529	3580	3486	3394	3456	3505	2047	4095	4095	4095	3706	3730	4095	4095
3561	3612	3529	3580	3486	3394	3456	3505	2047	4095	4095	4095	3705	3729	4095	4095
3560	3611	3527	3579	3486	3394	3456	3505	2047	4095	4095	4095	3705	3729	4095	4095
3561	3612	3528	3579	3486	3395	3457	3505	2047	4095	4095	4095	3706	3730	4095	4095
3561	3613	3528	3580	3486	3394	3456	3505	2047	4095	4095	4095	3707	3730	4095	4095
3561	3612	3528	3580	3486	3394	3456	3504	2047	4095	4095	4095	3706	3729	4095	4095
3561	3612	3528	3580	3486	3394	3456	3505	2047	4095	4095	4095	3706	3730	4095	4095
3561	3611	3527	3579	3486	3393	3456	3504	2047	4095	4095	4095	3705	3728	4095	4095
3560	3611	3527	3579	3487	3394	3457	3505	2047	4095	4095	4095	3705	3729	4095	4095
3561	3611	3527	3579	3487	3395	3457	3505	2047	4095	4095	4095	3706	3729	4095	4095
3561	3612	3528	3580	3486	3394	3456	3504	2047	4095	4095	4095	3706	3730	4095	4095
3561	3612	3528	3579	3487	3395	3457	3506	2047	4095	4095	4095	3706	3729	4095	4095
3561	3612	3529	3580	3486	3394	3456	3505	2047	4095	4095	4095	3705	3730	4095	4095
3561	3612	3528	3580	3487	3395	3457	3505	2047	4095	4095	4095	3706	3729	4095	4095
3561	3612	3528	3580	3486	3394	3457	3505	2047	4095	4095	4095	3706	3730	4095	4095
3560	3611	3528	3579	3486	3394	3457	3505	2047	4095	4095	4095	3706	3729	4095	4095
3561	3612	3529	3580	3487	3395	3457	3506	2047	4095	4095	4095	3706	3730	4095	4095
3560	3611	3528	3580	3486	3394	3456	3505	2047	4095	4095	4095	3705	3730	4095	4095
3561	3612	3529	3580	3487	3395	3457	3505	2047	4095	4095	4095	3706	3730	4095	4095
3562	3612	3528	3580	3486	3394	3457	3505	2047	4095	4095	4095	3706	3730	4095	4095
3561	3611	3528	3579	3486	3394	3456	3505	2047	4095	4095	4095	3706	3730	4095	4095
3561	3612	3528	3579	3486	3394	3456	3504	2047	4095	4095	4095	3706	3730	4095	4095
3561	3612	3528	3579	3487	3395	3457	3506	2047	4095	4095	4095	3707	3730	4095	4095
3560	3611	3527	3579	3486	3394	3456	3505	2047	4095	4095	4095	3706	3729	4095	4095
3560	3611	3528	3579	3486	3395	3457	3505	2047	4095	4095	4095	3706	3729	4095	4095
3561	3612	3529	3580	3487	3394	3457	3505	2047	4095	4095	4095	3707	3731	4095	4095
3561	3612	3528	3580	3486	3394	3456	3505	2047	4095	4095	4095	3705	3730	4095	4095
3561	3612	3528	3580	3486	3395	3457	3505	2047	4095	4095	4095	3706	3730	4095	4095
3561	3612	3528	3579	3487	3395	3457	3505	2047	4095	4095	4095	3705	3729	4095	4095
3561	3612	3528	3580	3486	3394	3456	3504	2047	4095	4095	4095	3707	3731	4095	4095
3560	3612	3527	3579	3486	3394	3456	3505	2047	4095	4095	4095	3706	3730	4095	4095
3561	3612	3529	3580	3486	3395	3457	3505	2047	4095	4095	4095	3706	3730	4095	4095
3561	3611	3527	3579	3486	3394	3456	3504	2047	4095	4095	4095	3706	3729	4095	4095
3561	3612	3528	3579	3486	3395	3458	3506	2047	4095	4095	4095	3706	3730	4095	4095
3561	3612	3529	3580	3487	3395	3457	3506	2047	4095	4095	4095	3707	3731	4095	4095
3561	3612	3529	3580	3486	3394	3457	3505	2047	4095	4095	4095	3706	3730	4095	4095
3561	3612	3528	3580	3486	3394	3456	3505	2047	4095	4095	4095	3706	3730	4095	4095
3560	3611	3527	3579	3487	3394	3457	3505	2047	4095	4095	4095	3706	3729	4095	4095
3560	3611	3527	3579	3486	3394	3456	3505	2047	4095	4095	4095	3706	3730	4095	4095
3560	3612	3528	3580	3487	3394	3456	3505	2047	4095	4095	4095	3706	3730	4095	4095
3561	3612	3528	3580	3486	3394	3457	3505	2047	4095	4095	4095	3706	3730	4095	4095
3560	3611	3527	3579	3487	3395	3457	3505	2047	4095	4095	4095	3706	3730	4095	4095
3561	3612	3528	3580	3486	3395	3457	3506	2047	4095	4095	4095	3707	3730	4095	4095
3560	3611	3527	3579	3487	3394	3457	3505	2047	4095	4095	4095	3705	3730	4095	4095
3560	3612	3528	3580	3486	3394	3457	3505	2047	4095	4095	4095	3706	3729	4095	4095
3561	3611	3528	3579	3486	3394	3456	3505	2047	4095	4095	4095	3706	3730	4095	4095
3561	3612	3529	3580	3487	3394	3457	3505	2047	4095	4095	4095	3706	3730	4095	4095
3560	3612	3528	3580	3486	3394	3457	3505	2047	4095	4095	4095	3706	3729	4095	4095
3561	3612	3528	3580	3486	3394	3457	3505	2047	4095	4095	4095	3706	3730	4095	4095
3560	3611	3527	3579	3486	3394	3457	3505	2047	4095	4095	4095	3706	3729	4095	4095
3560	3611	3528	3580	3486	3394	3456	3504	2047	4095	4095	4095	3706	3730	4095	4095
3561	3612	3528	3580	3487	3395	3457	3505	2047	4095	4095	4095	3707	3731	4095	4095
3561	3612	3528	3580	3487	3394	3457	3506	2047	4095	4095	4095	3705	3730	4095	4095
3560	3611	3528	3579	3487	3395	3457	3505	2047	4095	4095	4095	3706	3729	4095	4095
3561	3612	3528	3579	3487	3395	3457	3505	2047	4095	4095	4095	3706	3729	4095	4095
3560	3611	3528	3580	3486	3395	3457	3506	2047	4095	4095	4095	3706	3730	4095	4095
3560	3611	3527	3579	3486	3394	3457	3505	2047	4095	4095	4095	3706	3730	4095	4095
3560	3611	3528	3580	3487	3395	3457	3506	2047	4095	4095	4095	3706	3730	4095	4095
3561	3612	3528	3579	3487	3394	3457	3506	2047	4095	4095	4095	3706	3730	4095	4095
3561	3612	3528	3579	3486	3395	3456	3505	2047	4095	4095	4095	3706	3730	4095	4095
