3403	3452	3371	3421	3331	3244	3304	3350	3680	4095	3642	3602	3538	3562	3702	3643
3403	3452	3372	3421	3332	3244	3303	3350	3681	4095	3641	3601	3538	3563	3705	3643
3402	3451	3371	3420	3330	3243	3303	3349	3680	4095	3640	3600	3537	3562	3702	3642
3402	3450	3370	3420	3331	3244	3303	3350	3679	4095	3641	3601	3538	3562	3703	3642
3403	3452	3371	3421	3332	3244	3304	3350	3679	4095	3640	3601	3539	3562	3703	3642
3404	3452	3372	3421	3332	3244	3304	3349	3681	4095	3642	3603	3539	3564	3704	3644
3403	3452	3372	3421	3332	3244	3304	3351	3680	4095	3641	3601	3538	3563	3703	3642
3403	3452	3372	3421	3332	3244	3303	3349	3681	4095	3641	3602	3539	3563	3703	3644
3404	3452	3372	3421	3332	3244	3304	3351	3682	4095	3642	3602	3539	3563	3704	3643
3403	3451	3371	3421	3332	3244	3304	3351	3681	4095	3641	3601	3539	3563	3705	3644
3403	3451	3371	3421	3332	3243	3303	3349	3680	4095	3640	3601	3539	3563	3703	3643
3402	3451	3370	3419	3331	3243	3303	3349	3679	4095	3640	3601	3539	3563	3703	3643
3402	3451	3371	3421	3331	3244	3303	3349	3679	4095	3640	3600	3538	3562	3702	3642
3404	3452	3372	3421	3331	3244	3303	3350	3681	4095	3642	3602	3539	3563	3705	3644
3404	3452	3372	3421	3332	3244	3304	3350	3680	4095	3642	3602	3539	3563	3703	3644
3403	3451	3372	3421	3332	3244	3303	3349	3679	4095	3641	3601	3539	3563	3703	3643
3403	3452	3372	3421	3331	3244	3303	3350	3680	4095	3642	3602	3539	3563	3704	3644
3403	3452	3372	3422	3333	3245	3304	3351	3681	4095	3641	3602	3540	3563	3704	3644
3403	3451	3371	3421	3332	3245	3304	3350	3680	4095	3640	3601	3539	3562	3703	3643
3403	3452	3372	3421	3333	3245	3304	3350	3681	4095	3642	3603	3539	3563	3703	3644
3403	3452	3372	3421	3332	3244	3304	3350	3680	4095	3640	3601	3539	3562	3702	3642
3403	3452	3372	3421	3332	3244	3303	3350	3681	4095	3641	3601	3538	3562	3703	3643
3402	3451	3371	3421	3332	3244	3303	3350	3680	4095	3641	3602	3538	3562	3702	3643
3402	3451	3371	3420	3331	3243	3303	3349	3683	4095	3641	3603	3539	3563	3703	3643
3402	3451	3371	3421	3331	3243	3302	3349	3682	4095	3641	3602	3538	3562	3702	3642
3402	3451	3371	3421	3331	3243	3303	3349	3681	4095	3641	3601	3538	3562	3702	3642
3402	3450	3370	3419	3331	3243	3303	3349	3680	4095	3640	3600	3537	3562	3702	3642
3402	3451	3371	3420	3330	3243	3302	3349	3679	4095	3641	3601	3538	3563	3703	3643
3401	3450	3370	3419	3330	3242	3301	3348	3678	4095	3639	3600	3537	3562	3702	3642
3402	3451	3370	3420	3330	3243	3302	3349	3679	4095	3640	3600	3537	3561	3701	3641
3401	3450	3370	3419	3329	3242	3302	3348	3678	4095	3640	3600	3537	3561	3701	3641
3402	3450	3371	3420	3331	3243	3302	3349	3679	4095	3640	3601	3538	3562	3702	3643
3402	3450	3371	3420	3331	3243	3302	3349	3680	4095	3642	3601	3538	3562	3702	3642
3401	3450	3370	3420	3332	3243	3303	3349	3681	4095	3641	3602	3538	3562	3703	3643
3402	3450	3370	3419	3331	3244	3303	3349	3680	4095	3640	3601	3538	3562	3702	3643
3403	3451	3372	3421	3331	3244	3303	3349	3679	4095	3640	3601	3538	3562	3703	3643
3402	3450	3370	3419	3331	3244	3303	3349	3679	4095	3641	3601	3539	3563	3703	3642
3402	3451	3370	3419	3331	3243	3303	3350	3679	4095	3641	3601	3538	3562	3703	3642
3401	3450	3370	3419	3331	3242	3302	3348	3678	4095	3640	3600	3538	3562	3702	3642
3402	3450	3371	3420	3331	3243	3302	3349	3679	4095	3640	3599	3538	3562	3702	3642
3401	3451	3371	3420	3331	3243	3302	3349	3680	4095	3640	3602	3538	3562	3702	3642
3402	3450	3370	3419	3331	3244	3303	3349	3681	4095	3641	3601	3538	3562	3702	3642
3401	3449	3370	3419	3330	3243	3302	3349	3680	4095	3640	3600	3537	3561	3701	3642
3402	3450	3371	3420	3330	3243	3302	3349	3679	4095	3639	3600	3537	3561	3702	3642
3401	3449	3369	3418	3330	3242	3301	3347	3678	4095	3640	3599	3537	3562	3701	3642
3401	3450	3369	3419	3330	3242	3302	3348	3677	4095	3639	3600	3537	3561	3702	3641
3401	3450	3370	3420	3330	3242	3302	3348	3680	4095	3640	3600	3537	3562	3702	3642
3402	3450	3370	3420	3330	3243	3302	3348	3679	4095	3639	3600	3537	3561	3701	3641
3401	3450	3370	3419	3330	3242	3302	3348	3678	4095	3639	3600	3537	3561	3701	3642
3401	3449	3370	3419	3330	3242	3301	3348	3679	4095	3640	3600	3538	3562	3702	3641
3401	3450	3371	3419	3330	3243	3302	3348	3678	4095	3640	3600	3537	3561	3702	3642
3401	3449	3370	3419	3330	3242	3301	3347	3679	4095	3639	3600	3538	3562	3703	3643
3401	3450	3369	3419	3330	3243	3302	3348	3678	4095	3640	3600	3537	3561	3702	3642
3401	3449	3370	3419	3329	3242	3301	3348	3678	4095	3639	3600	3537	3562	3702	3642
3402	3450	3371	3420	3331	3243	3303	3348	3680	4095	3640	3601	3538	3562	3702	3643
3401	3450	3370	3420	3331	3243	3302	3349	3679	4095	3640	3601	3538	3562	3703	3643
3402	3450	3371	3420	3330	3242	3301	3348	3682	4095	3640	3602	3538	3562	3702	3643
3401	3449	3369	3419	3330	3243	3302	3348	3681	4095	3639	3601	3537	3561	3701	3641
3401	3450	3370	3419	3330	3242	3301	3348	3680	4095	3640	3600	3536	3561	3701	3642
3400	3448	3368	3418	3329	3242	3301	3348	3679	4095	3639	3599	3537	3560	3701	3641
3402	3450	3370	3420	3331	3243	3302	3349	3680	4095	3641	3601	3538	3562	3702	3642
3401	3450	3371	3420	3330	3243	3302	3349	3679	4095	3641	3601	3538	3562	3703	3643
3402	3450	3370	3420	3330	3243	3302	3348	3678	4095	3640	3600	3538	3562	3702	3644
3402	3451	3371	3420	3331	3243	3303	3350	3680	4095	3643	3601	3539	3563	3703	3643
3402	3451	3371	3420	3331	3244	3303	3349	3680	4095	3642	3600	3538	3562	3702	3642
3402	3451	3371	3420	3331	3243	3302	3349	3681	4095	3641	3601	3539	3563	3703	3643
3402	3451	3371	3420	3331	3243	3303	3350	3680	4095	3641	3602	3539	3563	3704	3644
3402	3451	3371	3420	3331	3244	3303	3349	3679	4095	3640	3601	3538	3562	3703	3643
3402	3450	3370	3419	3331	3243	3303	3349	3679	4095	3640	3601	3538	3562	3702	3642
3402	3451	3371	3420	3332	3243	3303	3349	3681	4095	3642	3603	3539	3563	3704	3644
3403	3451	3372	3421	3332	3244	3303	3350	3680	4095	3641	3602	3540	3564	3704	3644
3403	3452	3372	3421	3332	3244	3304	3350	3683	4095	3643	3603	3539	3563	3703	3643
3404	3452	3372	3421	3332	3244	3303	3350	3682	4095	3642	3602	3539	3564	3704	3645
3403	3451	3372	3421	3332	3245	3304	3351	3681	4095	3642	3602	3540	3564	3704	3645
3403	3452	3372	3421	3331	3244	3303	3350	3680	4095	3641	3602	3539	3564	3704	3644
3403	3452	3372	3421	3332	3244	3303	3350	3679	4095	3641	3601	3539	3563	3703	3643
3403	3452	3373	3421	3333	3245	3304	3351	3682	4095	3642	3603	3540	3565	3704	3644
3402	3451	3371	3421	3332	3244	3303	3351	3681	4095	3641	3601	3539	3563	3703	3643
3404	3453	3373	3422	3333	3245	3304	3351	3682	4095	3642	3603	3540	3564	3704	3644
3404	3453	3374	3423	3333	3246	3305	3351	3683	4095	3643	3603	3541	3565	3706	3645
3404	3452	3373	3422	3333	3245	3304	3351	3682	4095	3643	3603	3541	3565	3706	3645
3405	3453	3373	3423	3334	3246	3305	3351	3683	4095	3643	3605	3541	3565	3706	3646
3405	3453	3374	3423	3334	3246	3306	3352	3688	4095	3644	3604	3541	3566	3706	3646
3404	3453	3373	3422	3333	3245	3305	3351	3687	4095	3643	3603	3541	3565	3704	3645
3405	3454	3374	3423	3334	3246	3306	3352	3686	4095	3643	3604	3541	3565	3705	3646
3405	3453	3373	3423	3333	3245	3304	3351	3685	4095	3643	3603	3541	3565	3706	3645
3405	3454	3374	3423	3334	3246	3305	3351	3684	4095	3644	3605	3542	3567	3706	3647
3406	3455	3375	3425	3335	3247	3306	3353	3684	4095	3645	3606	3543	3568	3707	3648
3405	3454	3374	3424	3335	3247	3306	3353	3684	4095	3645	3606	3542	3567	3707	3646
3406	3455	3374	3424	3334	3247	3306	3353	3683	4095	3645	3605	3543	3567	3707	3647
3406	3455	3375	3424	3335	3247	3307	3353	3684	4095	3646	3606	3543	3567	3707	3648
3407	3455	3376	3425	3336	3248	3307	3354	3684	4095	3645	3606	3543	3566	3707	3647
3407	3455	3375	3425	3335	3247	3306	3353	3686	4095	3646	3606	3543	3568	3708	3648
3407	3456	3375	3425	3335	3248	3307	3353	3685	4095	3645	3605	3543	3567	3707	3648
3406	3455	3374	3424	3335	3247	3307	3353	3684	4095	3645	3606	3543	3567	3708	3648
3407	3456	3376	3425	3335	3247	3307	3353	3683	4095	3645	3606	3543	3567	3707	3647
3406	3455	3375	3424	3336	3248	3308	3354	3686	4095	3646	3606	3543	3567	3708	3648
3407	3455	3375	3424	3335	3247	3307	3354	3685	4095	3645	3606	3544	3568	3708	3649
3406	3455	3375	3425	3336	3248	3307	3354	3684	4095	3646	3608	3542	3567	3706	3648
3407	3456	3376	3425	3336	3248	3307	3354	3687	4095	3646	3607	3544	3568	3709	3649
3408	3457	3377	3426	3336	3248	3308	3355	3686	4095	3646	3606	3544	3568	3709	3649
3407	3456	3376	3425	3335	3247	3307	3353	3685	4095	3645	3605	3543	3568	3708	3648
3406	3455	3375	3424	3336	3248	3307	3354	3686	4095	3646	3607	3544	3568	3708	3648
3406	3455	3375	3425	3335	3247	3307	3353	3685	4095	3646	3607	3543	3567	3708	3648
3407	3455	3375	3424	3336	3248	3307	3354	3686	4095	3646	3607	3544	3568	3708	3648
3408	3457	3377	3426	3338	3249	3309	3355	3687	4095	3649	3609	3545	3570	3710	3651
3409	3458	3377	3427	3338	3250	3309	3356	3688	4095	3648	3608	3545	3569	3710	3650
3407	3455	3375	3425	3336	3248	3308	3354	3687	4095	3647	3607	3543	3568	3707	3648
3408	3457	3377	3427	3337	3250	3309	3355	3687	4095	3648	3608	3545	3569	3710	3650
3408	3457	3377	3427	3337	3249	3309	3356	3686	4095	3648	3608	3545	3569	3709	3649
3407	3456	3375	3425	3337	3248	3308	3354	3686	4095	3647	3608	3544	3568	3708	3648
3408	3457	3377	3426	3337	3249	3308	3355	3687	4095	3648	3608	3546	3570	3710	3651
3409	3457	3377	3427	3338	3250	3309	3356	3690	4095	3648	3610	3546	3570	3710	3650
3409	3458	3378	3427	3338	3250	3309	3355	3689	4095	3649	3609	3545	3570	3709	3650
3409	3458	3378	3427	3338	3250	3309	3356	3688	4095	3649	3610	3547	3570	3711	3651
3408	3457	3378	3426	3338	3249	3309	3356	3687	4095	3648	3609	3545	3570	3709	3650
3408	3457	3377	3426	3337	3249	3308	3355	3686	4095	3646	3607	3544	3569	3709	3650
3408	3457	3376	3426	3337	3249	3309	3356	3687	4095	3647	3609	3545	3569	3710	3650
3409	3458	3377	3427	3337	3250	3309	3356	3688	4095	3648	3608	3546	3570	3710	3652
3409	3458	3378	3427	3338	3250	3310	3356	3687	4095	3651	3609	3547	3571	3711	3651
3408	3457	3377	3426	3338	3250	3309	3356	3686	4095	3650	3608	3546	3570	3710	3650
3408	3457	3377	3427	3337	3249	3309	3356	3687	4095	3649	3608	3545	3570	3710	3650
3408	3457	3377	3426	3337	3249	3308	3355	3688	4095	3648	3609	3546	3569	3710	3650
3409	3458	3378	3428	3338	3250	3310	3356	3687	4095	3649	3610	3547	3570	3711	3651
3409	3458	3378	3428	3338	3250	3309	3356	3687	4095	3647	3608	3545	3570	3710	3650
3408	3457	3377	3427	3337	3249	3310	3356	3687	4095	3648	3609	3545	3570	3710	3649
3409	3458	3377	3427	3338	3250	3309	3356	3688	4095	3648	3610	3546	3570	3711	3650
3408	3457	3376	3425	3338	3249	3309	3355	3687	4095	3647	3608	3545	3569	3709	3650
3408	3457	3377	3427	3338	3250	3309	3356	3688	4095	3650	3610	3546	3570	3710	3650
3408	3457	3377	3426	3337	3249	3309	3355	3689	4095	3648	3609	3545	3569	3709	3649
3407	3456	3376	3426	3337	3249	3309	3355	3688	4095	3648	3609	3545	3569	3710	3649
3409	3457	3377	3426	3337	3250	3309	3355	3687	4095	3648	3608	3546	3570	3709	3649
3409	3458	3378	3427	3338	3250	3309	3355	3687	4095	3648	3608	3545	3570	3709	3650
3409	3458	3378	3427	3338	3249	3310	3356	3687	4095	3649	3609	3546	3570	3710	3651
3408	3458	3378	3427	3337	3249	3308	3355	3688	4095	3648	3608	3546	3570	3710	3650
3408	3457	3377	3426	3337	3249	3309	3355	3687	4095	3649	3609	3546	3570	3711	3651
3409	3458	3378	3427	3337	3249	3309	3355	3690	4095	3649	3610	3546	3570	3710	3650
3408	3457	3377	3426	3337	3250	3309	3355	3687	4095	3649	3609	3546	3570	3711	3650
3409	3457	3377	3427	3338	3250	3309	3356	3688	4095	3648	3608	3546	3570	3711	3651
3409	3457	3378	3427	3338	3250	3310	3356	3687	4095	3649	3609	3546	3570	3711	3651
3409	3459	3378	3428	3338	3250	3310	3356	3688	4095	3650	3610	3547	3571	3711	3651
3410	3459	3379	3429	3339	3251	3311	3357	3689	4095	3650	3611	3548	3572	3712	3652
3410	3459	3379	3428	3339	3251	3311	3358	3692	4095	3650	3612	3548	3571	3712	3651
3409	3459	3378	3428	3338	3251	3310	3357	3691	4095	3649	3611	3547	3571	3711	3651
3410	3458	3379	3428	3339	3250	3309	3356	3690	4095	3649	3610	3547	3571	3712	3651
3409	3458	3378	3428	3338	3250	3309	3356	3689	4095	3649	3609	3546	3571	3711	3651
3410	3459	3379	3428	3340	3251	3311	3357	3688	4095	3650	3610	3547	3571	3712	3652
3410	3459	3379	3428	3338	3250	3310	3357	3688	4095	3649	3609	3547	3571	3712	3653
3409	3458	3378	3427	3339	3251	3310	3357	3688	4095	3649	3610	3546	3570	3711	3650
3409	3459	3378	3428	3339	3251	3310	3356	3689	4095	3649	3610	3547	3571	3712	3653
3409	3458	3378	3427	3338	3250	3310	3356	3688	4095	3649	3609	3547	3571	3712	3652
3410	3459	3379	3428	3338	3250	3309	3356	3687	4095	3648	3608	3546	3571	3711	3651
3409	3458	3377	3427	3338	3250	3309	3356	3688	4095	3648	3609	3546	3570	3710	3650
3409	3459	3378	3428	3338	3250	3310	3356	3689	4095	3649	3609	3547	3571	3711	3651
3410	3459	3378	3428	3338	3250	3309	3357	3688	4095	3650	3611	3547	3571	3712	3652
3410	3458	3378	3427	3338	3251	3310	3357	3688	4095	3649	3609	3547	3571	3711	3651
3411	3459	3379	3429	3340	3251	3311	3357	3690	4095	3650	3610	3548	3573	3713	3652
3410	3458	3378	3427	3339	3251	3310	3356	3689	4095	3649	3610	3547	3571	3711	3651
3410	3459	3379	3429	3339	3251	3310	3357	3690	4095	3650	3612	3547	3572	3711	3652
3411	3459	3379	3429	3339	3251	3310	3357	3691	4095	3651	3611	3548	3572	3713	3652
3411	3459	3379	3429	3339	3251	3310	3357	3690	4095	3650	3610	3547	3571	3712	3652
3410	3459	3378	3428	3339	3251	3310	3356	3689	4095	3650	3610	3547	3572	3712	3652
3411	3459	3379	3428	3339	3251	3310	3357	3690	4095	3650	3611	3548	3572	3712	3652
3411	3459	3379	3428	3339	3251	3311	3357	3689	4095	3651	3611	3548	3572	3712	3652
3410	3460	3379	3429	3339	3252	3310	3357	3690	4095	3650	3610	3548	3572	3712	3652
3411	3460	3379	3429	3338	3251	3310	3356	3689	4095	3649	3609	3547	3571	3712	3653
3411	3460	3379	3429	3338	3251	3311	3357	3690	4095	3650	3610	3548	3572	3712	3652
3410	3459	3379	3429	3339	3251	3310	3357	3691	4095	3649	3610	3548	3572	3712	3653
3410	3459	3379	3428	3339	3251	3310	3357	3690	4095	3650	3610	3547	3572	3712	3652
3411	3459	3378	3429	3339	3252	3311	3358	3689	4095	3651	3611	3548	3573	3712	3653
3411	3460	3380	3429	3340	3252	3312	3358	3690	4095	3651	3612	3548	3572	3712	3652
3411	3460	3380	3429	3340	3252	3312	3358	3691	4095	3651	3611	3548	3572	3713	3653
3411	3460	3380	3429	3340	3252	3312	3358	3690	4095	3651	3611	3549	3573	3713	3654
3411	3459	3379	3429	3340	3252	3312	3358	3693	4095	3651	3611	3548	3572	3712	3653
3410	3460	3380	3429	3340	3252	3312	3358	3692	4095	3652	3612	3549	3573	3712	3653
3411	3459	3379	3428	3340	3252	3311	3358	3691	4095	3651	3611	3548	3572	3712	3652
3411	3459	3379	3429	3339	3251	3311	3358	3690	4095	3651	3611	3548	3573	3713	3653
3411	3460	3380	3429	3340	3252	3312	3358	3691	4095	3651	3613	3549	3573	3713	3653
3411	3460	3379	3429	3340	3252	3311	3358	3690	4095	3652	3611	3548	3573	3713	3653
3412	3461	3380	3430	3341	3252	3312	3358	3691	4095	3653	3613	3550	3575	3714	3655
3412	3461	3381	3431	3341	3252	3311	3358	3690	4095	3650	3611	3549	3573	3714	3653
3412	3461	3381	3431	3341	3253	3313	3359	3693	4095	3653	3613	3550	3574	3715	3654
3412	3461	3381	3430	3340	3252	3312	3358	3690	4095	3650	3612	3548	3572	3713	3652
3412	3461	3380	3430	3341	3253	3313	3359	3691	4095	3652	3612	3549	3573	3715	3653
3412	3460	3380	3430	3340	3253	3312	3359	3690	4095	3652	3612	3550	3574	3714	3654
3413	3461	3381	3431	3341	3253	3312	3359	3693	4095	3652	3613	3550	3575	3715	3655
3413	3462	3381	3430	3341	3253	3313	3359	3690	4095	3652	3612	3549	3574	3714	3654
3413	3461	3382	3431	3342	3253	3313	3360	3691	4095	3651	3611	3548	3573	3713	3653
3413	3462	3382	3432	3342	3253	3313	3359	3690	4095	3651	3611	3549	3573	3714	3654
3413	3462	3382	3431	3341	3253	3313	3360	3689	4095	3651	3611	3548	3573	3712	3653
3413	3461	3381	3430	3342	3253	3313	3360	3692	4095	3652	3612	3549	3573	3713	3653
3413	3462	3382	3431	3341	3253	3312	3359	3691	4095	3651	3612	3549	3573	3714	3653
3413	3462	3382	3432	3342	3254	3313	3360	3692	4095	3652	3612	3549	3574	3714	3654
3413	3462	3381	3430	3341	3254	3312	3359	3691	4095	3652	3612	3549	3573	3714	3655
3413	3462	3381	3431	3342	3254	3314	3360	3692	4095	3652	3612	3549	3574	3714	3654
3414	3462	3382	3432	3342	3254	3314	3361	3691	4095	3651	3612	3549	3574	3713	3655
3413	3462	3382	3431	3342	3254	3314	3360	3690	4095	3652	3612	3549	3574	3714	3654
3414	3462	3382	3431	3342	3254	3314	3360	3691	4095	3652	3613	3549	3573	3714	3654
3414	3462	3382	3431	3342	3253	3313	3360	3692	4095	3652	3612	3550	3574	3714	3655
3413	3461	3382	3431	3341	3253	3313	3359	3691	4095	3652	3611	3550	3573	3714	3654
