1154	1168	1143	1160	1130	1100	1121	1136	1270	1480	1254	1244	1204	1221	1279	1256
1153	1167	1142	1159	1130	1100	1121	1137	1270	1479	1253	1243	1203	1220	1278	1255
1153	1167	1142	1159	1130	1100	1120	1136	1270	1479	1254	1244	1203	1221	1278	1256
1154	1168	1143	1160	1131	1100	1121	1137	1270	1480	1254	1245	1204	1221	1279	1256
1154	1168	1144	1161	1131	1100	1121	1136	1270	1480	1253	1244	1205	1222	1279	1256
1153	1167	1143	1159	1130	1101	1121	1137	1271	1479	1254	1244	1204	1222	1279	1257
1154	1167	1142	1159	1131	1100	1121	1137	1270	1480	1253	1244	1203	1221	1279	1256
1154	1168	1143	1160	1131	1100	1120	1136	1271	1481	1254	1245	1204	1222	1280	1256
1153	1167	1142	1159	1130	1100	1121	1137	1270	1480	1253	1244	1203	1221	1279	1256
1154	1168	1143	1161	1131	1100	1121	1136	1271	1480	1255	1245	1205	1222	1279	1257
1154	1167	1143	1160	1131	1100	1121	1136	1271	1480	1254	1244	1205	1222	1279	1257
1154	1168	1143	1159	1130	1100	1120	1137	1270	1479	1253	1244	1204	1221	1279	1256
1153	1167	1142	1160	1130	1100	1121	1136	1270	1479	1253	1244	1204	1221	1279	1256
1154	1167	1144	1160	1131	1100	1121	1137	1270	1479	1253	1244	1203	1221	1278	1256
1154	1168	1144	1160	1131	1101	1122	1137	1270	1480	1254	1244	1204	1221	1279	1256
1153	1167	1143	1160	1131	1100	1122	1137	1270	1480	1254	1245	1204	1221	1279	1256
1154	1167	1143	1159	1131	1100	1121	1137	1270	1480	1253	1244	1204	1221	1279	1255
1154	1168	1143	1160	1130	1101	1121	1137	1271	1480	1254	1245	1205	1222	1279	1256
1153	1167	1143	1160	1131	1100	1121	1137	1270	1479	1253	1244	1205	1221	1279	1257
1155	1168	1144	1161	1131	1101	1122	1138	1271	1481	1254	1245	1205	1222	1281	1257
1154	1168	1143	1160	1131	1101	1122	1137	1270	1480	1254	1245	1205	1222	1280	1257
1154	1168	1143	1160	1131	1101	1122	1137	1271	1480	1254	1245	1205	1221	1280	1256
1154	1168	1143	1160	1131	1101	1122	1138	1271	1480	1254	1245	1204	1221	1279	1256
1155	1169	1144	1161	1131	1100	1121	1137	1271	1481	1254	1245	1205	1222	1280	1256
1153	1167	1143	1160	1130	1100	1121	1137	1270	1480	1254	1244	1204	1221	1279	1257
1153	1167	1143	1159	1131	1100	1121	1137	1271	1480	1254	1244	1204	1221	1279	1256
1154	1168	1143	1160	1131	1101	1122	1137	1271	1480	1254	1245	1205	1221	1279	1256
1154	1168	1143	1160	1131	1101	1121	1137	1271	1481	1254	1245	1204	1221	1280	1256
1154	1168	1144	1161	1131	1101	1121	1137	1271	1480	1254	1245	1205	1222	1280	1257
1153	1167	1143	1160	1130	1100	1121	1137	1270	1479	1254	1244	1204	1222	1279	1257
1154	1168	1144	1161	1131	1101	1122	1137	1270	1480	1254	1244	1205	1222	1279	1257
1153	1167	1143	1160	1131	1100	1121	1137	1270	1479	1253	1244	1204	1221	1279	1256
1154	1168	1144	1161	1130	1100	1121	1137	1271	1480	1255	1244	1205	1222	1280	1257
1154	1168	1143	1160	1130	1100	1121	1137	1270	1479	1253	1243	1204	1221	1279	1256
1154	1168	1143	1160	1131	1101	1121	1137	1271	1480	1254	1244	1205	1222	1280	1257
1154	1167	1143	1159	1131	1100	1121	1136	1271	1481	1254	1245	1204	1222	1280	1257
1154	1168	1143	1161	1131	1102	1122	1137	1271	1481	1255	1245	1205	1222	1280	1257
1154	1168	1143	1160	1131	1101	1122	1137	1271	1481	1254	1245	1205	1222	1280	1256
1153	1168	1143	1160	1132	1101	1122	1137	1271	1480	1254	1245	1204	1221	1279	1256
1154	1167	1143	1160	1131	1101	1121	1137	1271	1481	1254	1244	1205	1222	1280	1257
1154	1168	1144	1161	1130	1100	1121	1137	1270	1480	1253	1244	1205	1221	1280	1257
1154	1167	1143	1160	1131	1101	1122	1137	1271	1480	1254	1244	1204	1221	1278	1256
1154	1168	1143	1160	1130	1100	1121	1137	1271	1480	1254	1245	1204	1222	1280	1257
1154	1167	1143	1160	1131	1100	1121	1137	1271	1480	1254	1245	1205	1221	1280	1256
1155	1168	1144	1160	1131	1101	1122	1137	1271	1480	1254	1244	1204	1221	1279	1256
1154	1168	1144	1161	1131	1100	1121	1137	1271	1480	1254	1245	1204	1222	1279	1256
1154	1168	1143	1160	1131	1100	1122	1137	1271	1480	1254	1245	1205	1221	1279	1257
1154	1167	1143	1159	1131	1101	1122	1137	1271	1480	1254	1245	1204	1221	1279	1256
1153	1167	1143	1159	1131	1100	1121	1137	1270	1480	1254	1244	1204	1221	1278	1256
1153	1167	1142	1160	1131	1101	1121	1137	1271	1480	1254	1245	1204	1221	1279	1256
1154	1168	1144	1160	1131	1100	1121	1137	1270	1480	1254	1245	1205	1222	1279	1257
1153	1167	1142	1159	1131	1100	1121	1137	1270	1479	1253	1244	1204	1221	1279	1256
1154	1169	1144	1161	1131	1101	1122	1138	1272	1482	1255	1246	1206	1223	1281	1257
1154	1168	1143	1160	1131	1101	1121	1137	1271	1481	1255	1245	1205	1222	1280	1257
1154	1168	1144	1160	1131	1101	1121	1137	1272	1482	1255	1246	1205	1223	1280	1257
1154	1168	1144	1161	1131	1101	1122	1138	1272	1481	1255	1245	1205	1222	1280	1257
1154	1168	1144	1161	1131	1101	1122	1138	1272	1481	1254	1245	1205	1222	1280	1257
1154	1168	1143	1160	1131	1101	1121	1138	1271	1481	1255	1245	1205	1222	1280	1257
1153	1167	1143	1160	1131	1101	1122	1137	1271	1480	1254	1245	1205	1221	1279	1256
1154	1168	1143	1160	1131	1101	1122	1137	1271	1481	1255	1245	1205	1222	1280	1257
1154	1168	1143	1160	1131	1101	1121	1137	1272	1481	1255	1246	1205	1223	1280	1257
1154	1167	1143	1160	1131	1101	1122	1138	1271	1481	1254	1245	1205	1222	1280	1257
1155	1168	1144	1161	1131	1101	1121	1137	1272	1481	1255	1246	1206	1223	1281	1257
1155	1168	1144	1160	1131	1101	1121	1137	1271	1481	1254	1245	1205	1222	1280	1257
1154	1168	1143	1160	1131	1101	1122	1138	1272	1481	1255	1245	1205	1222	1280	1257
1155	1169	1144	1161	1131	1101	1121	1137	1271	1480	1255	1245	1205	1222	1280	1257
1154	1168	1144	1161	1131	1101	1122	1137	1271	1481	1255	1246	1205	1222	1280	1257
1154	1168	1143	1160	1132	1102	1122	1138	1272	1481	1255	1246	1205	1222	1280	1257
1154	1168	1143	1160	1131	1101	1122	1137	1271	1481	1254	1245	1205	1222	1280	1256
1154	1168	1144	1161	1131	1101	1121	1137	1271	1480	1255	1244	1206	1223	1280	1257
1154	1167	1143	1160	1131	1101	1122	1138	1271	1482	1254	1245	1205	1222	1280	1256
1154	1167	1143	1160	1131	1100	1122	1137	1271	1481	1254	1245	1205	1222	1280	1257
1155	1168	1144	1161	1131	1100	1122	1137	1272	1481	1255	1246	1206	1223	1280	1257
1154	1168	1143	1161	1132	1101	1122	1138	1271	1481	1255	1246	1205	1222	1280	1257
1155	1168	1144	1160	1131	1101	1122	1137	1272	1482	1255	1246	1206	1223	1281	1258
1155	1168	1144	1161	1131	1101	1122	1138	1271	1480	1254	1245	1205	1221	1279	1256
1155	1169	1144	1160	1131	1101	1122	1138	1272	1482	1255	1246	1206	1223	1280	1257
1154	1167	1144	1160	1131	1101	1122	1137	1271	1480	1254	1245	1205	1222	1280	1256
1154	1168	1143	1160	1131	1101	1122	1138	1271	1481	1255	1245	1205	1222	1280	1257
1154	1168	1144	1160	1131	1101	1122	1138	1272	1481	1255	1246	1206	1223	1281	1258
1154	1168	1144	1161	1131	1101	1121	1138	1272	1482	1255	1246	1206	1223	1280	1257
1155	1168	1144	1161	1131	1101	1121	1137	1271	1481	1254	1245	1206	1222	1280	1257
1154	1168	1144	1161	1132	1101	1121	1137	1272	1482	1255	1246	1206	1223	1281	1258
1155	1169	1144	1161	1132	1102	1122	1138	1272	1481	1256	1246	1206	1223	1281	1258
1155	1168	1145	1161	1131	1101	1122	1138	1271	1480	1255	1245	1205	1222	1280	1257
1154	1168	1144	1160	1132	1101	1122	1138	1272	1481	1255	1246	1206	1222	1280	1257
1155	1168	1144	1161	1132	1101	1122	1138	1272	1482	1255	1246	1206	1223	1281	1258
1154	1168	1143	1160	1131	1101	1122	1138	1271	1481	1255	1245	1205	1222	1280	1257
1155	1168	1144	1161	1131	1101	1121	1137	1272	1480	1254	1244	1205	1223	1280	1258
1154	1168	1144	1160	1131	1101	1122	1138	1272	1482	1255	1245	1206	1223	1280	1257
1154	1168	1143	1160	1131	1100	1121	1137	1271	1480	1254	1245	1205	1222	1280	1257
1154	1168	1143	1160	1131	1101	1121	1138	1271	1481	1255	1245	1205	1221	1280	1256
1155	1169	1144	1161	1131	1101	1121	1137	1272	1482	1256	1246	1206	1223	1281	1258
1154	1167	1143	1160	1131	1101	1122	1137	1271	1481	1255	1245	1205	1222	1280	1257
1154	1168	1143	1160	1131	1101	1121	1137	1272	1481	1254	1245	1205	1222	1280	1257
1155	1168	1144	1161	1131	1101	1122	1137	1272	1481	1255	1245	1206	1223	1281	1258
1154	1168	1143	1159	1131	1101	1121	1137	1272	1481	1255	1245	1206	1223	1281	1258
1155	1169	1144	1161	1132	1101	1122	1138	1272	1483	1256	1246	1206	1223	1281	1258
1155	1169	1144	1161	1132	1101	1122	1138	1272	1482	1255	1246	1206	1223	1281	1258
1154	1167	1143	1160	1131	1101	1121	1137	1271	1481	1254	1245	1206	1223	1280	1257
1154	1168	1143	1160	1131	1101	1121	1138	1272	1481	1255	1245	1206	1223	1281	1258
1155	1169	1145	1161	1131	1101	1121	1137	1272	1481	1255	1245	1206	1223	1281	1258
1155	1168	1144	1161	1131	1101	1122	1137	1273	1482	1256	1246	1206	1223	1281	1258
1155	1169	1144	1161	1131	1101	1122	1138	1273	1481	1255	1246	1206	1224	1281	1258
1155	1169	1144	1161	1131	1102	1122	1137	1272	1482	1256	1246	1206	1224	1281	1258
1154	1168	1144	1161	1131	1101	1122	1137	1272	1481	1255	1246	1206	1223	1281	1258
1155	1168	1144	1160	1131	1101	1121	1137	1272	1482	1255	1246	1206	1223	1281	1257
1155	1168	1144	1161	1132	1102	1123	1138	1272	1482	1256	1246	1206	1223	1281	1258
1155	1168	1143	1160	1132	1101	1122	1138	1272	1482	1255	1246	1206	1223	1281	1258
1155	1169	1145	1161	1132	1101	1122	1138	1273	1483	1256	1247	1207	1224	1282	1259
1155	1168	1144	1160	1132	1101	1122	1138	1272	1482	1255	1246	1206	1223	1281	1258
1155	1169	1144	1161	1132	1102	1123	1138	1273	1483	1257	1247	1207	1225	1282	1259
1155	1168	1144	1161	1131	1101	1122	1138	1270	1480	1254	1245	1205	1222	1279	1257
1154	1168	1144	1160	1132	1102	1122	1138	1271	1480	1254	1245	1205	1222	1280	1256
1155	1168	1144	1160	1132	1102	1123	1138	1271	1481	1254	1245	1205	1222	1279	1256
1155	1169	1145	1161	1131	1101	1121	1138	1270	1480	1254	1245	1205	1222	1280	1257
1154	1168	1144	1160	1131	1102	1122	1138	1271	1480	1254	1245	1205	1222	1280	1257
1155	1169	1144	1161	1132	1101	1122	1137	1271	1481	1255	1245	1205	1222	1280	1257
1155	1168	1145	1161	1131	1101	1122	1138	1271	1480	1254	1244	1205	1222	1280	1257
1154	1168	1144	1161	1131	1101	1121	1138	1270	1480	1254	1244	1205	1222	1280	1257
1154	1168	1144	1161	1132	1101	1122	1138	1272	1480	1254	1244	1205	1222	1279	1256
1154	1168	1144	1161	1132	1101	1122	1137	1271	1480	1254	1245	1205	1222	1279	1256
1154	1168	1144	1161	1131	1101	1122	1138	1271	1480	1254	1244	1205	1221	1279	1256
1155	1169	1144	1161	1132	1102	1123	1138	1272	1482	1255	1246	1206	1222	1280	1257
1154	1168	1144	1160	1131	1101	1122	1138	1271	1480	1254	1245	1205	1222	1279	1256
1155	1169	1145	1161	1132	1102	1123	1138	1271	1481	1254	1245	1205	1222	1280	1257
1155	1169	1144	1161	1131	1101	1122	1138	1270	1480	1254	1244	1205	1221	1280	1256
1155	1169	1145	1161	1132	1102	1123	1138	1272	1481	1255	1246	1206	1223	1280	1257
1154	1168	1144	1160	1131	1101	1122	1138	1270	1480	1254	1245	1205	1222	1279	1256
1155	1169	1145	1161	1132	1102	1123	1138	1272	1481	1255	1245	1206	1223	1281	1258
1154	1168	1144	1161	1131	1101	1122	1137	1271	1480	1254	1245	1205	1222	1279	1257
1155	1169	1145	1162	1132	1101	1122	1138	1270	1480	1253	1245	1204	1222	1279	1256
1155	1169	1144	1162	1132	1102	1123	1138	1272	1482	1256	1246	1205	1223	1280	1257
1154	1168	1144	1161	1132	1101	1122	1138	1271	1481	1254	1245	1205	1222	1280	1257
1155	1169	1145	1161	1132	1101	1121	1137	1272	1482	1255	1246	1205	1222	1280	1257
1154	1168	1144	1160	1131	1101	1122	1138	1271	1481	1254	1245	1205	1222	1280	1257
1155	1168	1144	1160	1131	1101	1122	1138	1270	1480	1254	1244	1204	1221	1279	1256
1155	1169	1145	1161	1132	1102	1122	1138	1271	1480	1254	1245	1205	1222	1279	1256
1155	1169	1144	1161	1132	1102	1122	1138	1272	1482	1255	1245	1205	1223	1281	1257
1155	1169	1144	1160	1131	1101	1122	1138	1271	1481	1255	1245	1205	1222	1280	1257
1154	1169	1144	1160	1132	1101	1122	1138	1272	1481	1255	1245	1206	1222	1280	1257
1155	1169	1145	1161	1132	1102	1122	1138	1271	1480	1254	1245	1205	1222	1280	1256
1155	1168	1145	1161	1131	1101	1121	1137	1270	1481	1254	1245	1205	1222	1281	1257
1155	1169	1145	1161	1131	1101	1122	1138	1271	1481	1255	1245	1205	1222	1280	1257
1154	1168	1144	1161	1131	1102	1122	1138	1271	1481	1255	1245	1206	1222	1280	1257
1155	1169	1144	1161	1132	1101	1122	1137	1271	1481	1255	1245	1206	1223	1280	1257
1155	1169	1144	1161	1131	1101	1122	1138	1272	1482	1255	1246	1205	1223	1281	1257
1155	1169	1145	1161	1132	1102	1123	1138	1271	1481	1255	1246	1205	1222	1280	1257
1155	1169	1144	1161	1131	1101	1122	1138	1272	1482	1255	1246	1206	1223	1281	1257
1155	1169	1144	1161	1132	1101	1122	1137	1271	1480	1254	1244	1204	1222	1279	1256
1155	1169	1145	1162	1132	1102	1123	1139	1272	1482	1255	1245	1206	1222	1280	1257
1155	1169	1145	1161	1131	1102	1122	1138	1273	1482	1255	1246	1205	1223	1281	1257
1154	1168	1144	1160	1132	1101	1122	1138	1272	1481	1254	1245	1205	1222	1280	1256
1154	1168	1143	1160	1131	1101	1122	1138	1271	1481	1254	1245	1205	1222	1280	1256
1154	1168	1144	1160	1132	1101	1121	1137	1271	1481	1254	1245	1205	1222	1280	1257
1155	1169	1144	1162	1132	1102	1123	1138	1272	1482	1255	1246	1206	1223	1281	1257
1155	1169	1145	1161	1132	1102	1122	1138	1272	1482	1255	1245	1206	1222	1280	1258
1155	1169	1145	1161	1132	1102	1122	1138	1272	1483	1255	1246	1206	1223	1281	1258
1155	1169	1145	1162	1132	1101	1122	1138	1271	1482	1255	1246	1205	1223	1281	1258
1154	1169	1144	1160	1132	1102	1123	1138	1271	1481	1255	1245	1205	1222	1280	1257
1155	1169	1145	1161	1131	1102	1122	1138	1272	1481	1254	1245	1205	1222	1280	1257
1155	1169	1145	1161	1132	1102	1123	1138	1272	1482	1255	1246	1206	1223	1280	1257
1155	1169	1145	1162	1132	1101	1122	1138	1271	1480	1254	1245	1205	1222	1280	1257
1155	1168	1145	1161	1132	1101	1121	1138	1271	1481	1254	1245	1205	1223	1281	1257
1155	1169	1144	1161	1132	1101	1122	1137	1272	1482	1255	1246	1206	1223	1281	1258
1155	1169	1144	1161	1132	1101	1122	1138	1272	1483	1255	1246	1206	1223	1281	1258
1155	1168	1144	1161	1132	1102	1122	1138	1271	1482	1255	1245	1206	1223	1281	1258
1155	1169	1144	1161	1131	1102	1122	1138	1273	1482	1255	1246	1206	1224	1281	1258
1155	1169	1145	1161	1132	1102	1122	1138	1272	1482	1255	1246	1207	1223	1281	1258
1156	1170	1145	1162	1131	1101	1122	1138	1271	1481	1255	1246	1206	1223	1281	1258
1155	1168	1144	1160	1132	1102	1122	1138	1272	1481	1255	1246	1206	1222	1281	1257
1156	1169	1144	1161	1132	1102	1123	1139	1272	1481	1255	1246	1206	1224	1281	1258
1155	1169	1145	1162	1132	1102	1122	1138	1272	1481	1255	1245	1207	1223	1281	1258
1156	1169	1145	1162	1132	1101	1122	1138	1271	1481	1255	1245	1206	1223	1281	1258
1156	1169	1145	1162	1132	1102	1123	1139	1272	1482	1256	1246	1206	1223	1281	1258
1155	1169	1145	1161	1131	1101	1122	1138	1271	1481	1255	1245	1205	1222	1280	1257
1155	1168	1144	1161	1132	1102	1122	1138	1272	1481	1255	1245	1206	1223	1280	1257
1155	1170	1145	1162	1132	1102	1122	1138	1271	1481	1255	1245	1206	1223	1281	1258
1155	1169	1145	1162	1132	1101	1122	1138	1272	1481	1255	1245	1206	1223	1281	1258
1156	1170	1146	1162	1133	1103	1124	1139	1272	1481	1255	1246	1206	1223	1281	1258
1156	1170	1146	1163	1133	1103	1123	1139	1271	1482	1255	1245	1205	1223	1280	1257
1157	1170	1146	1163	1132	1102	1123	1139	1272	1481	1255	1245	1206	1223	1281	1258
1156	1170	1145	1162	1133	1103	1123	1139	1272	1482	1256	1246	1206	1224	1281	1258
1156	1170	1145	1162	1133	1103	1123	1139	1272	1482	1255	1246	1205	1222	1280	1257
1157	1170	1146	1162	1132	1102	1123	1139	1272	1481	1254	1245	1206	1223	1281	1258
1157	1170	1146	1163	1133	1103	1124	1139	1272	1481	1255	1246	1206	1223	1281	1258
1156	1170	1146	1162	1133	1103	1123	1139	1273	1483	1256	1247	1207	1224	1282	1259
1156	1170	1146	1163	1133	1103	1124	1140	1272	1482	1255	1246	1206	1223	1281	1258
1156	1170	1145	1162	1133	1103	1124	1139	1272	1482	1255	1246	1206	1223	1281	1258
1157	1170	1146	1163	1134	1103	1124	1140	1273	1483	1256	1247	1207	1224	1282	1259
1156	1169	1145	1162	1132	1103	1124	1140	1272	1482	1255	1246	1205	1223	1280	1257
1156	1169	1145	1162	1133	1103	1123	1139	1272	1482	1255	1246	1206	1223	1280	1258
1156	1170	1145	1162	1133	1102	1123	1139	1272	1481	1256	1246	1206	1223	1281	1258
1156	1170	1146	1163	1133	1103	1123	1139	1273	1483	1256	1247	1206	1224	1281	1259
1157	1170	1146	1163	1133	1102	1123	1139	1272	1482	1255	1246	1206	1223	1281	1258
1156	1170	1145	1162	1134	1103	1124	1139	1272	1483	1256	1247	1206	1223	1281	1258
1156	1170	1146	1163	1133	1102	1123	1139	1272	1482	1255	1246	1205	1223	1280	1258
1157	1170	1145	1162	1133	1103	1124	1140	1273	1483	1256	1247	1206	1223	1281	1258
1157	1170	1145	1163	1133	1103	1123	1139	1273	1483	1256	1247	1207	1224	1282	1258
1156	1170	1145	1162	1133	1103	1123	1139	1272	1482	1256	1246	1205	1223	1281	1258
